0 -1 80000 4000 4500 1500 2500 3000 3000 1 0 0 0 0 0 0 0 0 0 0 0 0 0  0 0 0 -1 -1 -1 -1 0 0 0 0 0 0  4196448 0 0 0 -1 -1 -1 0 0 0 0 0  0 1   0 29
0 -1 80000 4000 4500 1500 2500 3000 3000 1 0 0 0 0 0 0 0 0 0 0 0 0 0  0 0 0 -1 -1 -1 -1 0 0 0 0 0 0  4196452 0 0 -1 -1 -1 -1 0 0 0 0 0  0 1   0 30
0 -1 80000 4500 5000 1500 2500 3000 3500 1 0 0 0 0 0 0 0 0 0 0 0 0 0  0 0 0 -1 -1 -1 -1 0 0 0 0 0 0  4196456 0 0 -1 -1 -1 -1 0 0 0 0 0  2 1  0 0 0 31  0 5
0 -1 80500 120500 121000 1500 2500 3000 3000 47 0 0 0 0 0 0 0 0 0 0 0 0 0  1 549755747984 8 2 -1 -1 -1 0 0 0 0 0 0  4196460 0 0 -1 -1 -1 -1 0 0 0 0 0  1 1  0 42  0 1
0 -1 81000 4000 120500 1500 2500 3000 3000 1 0 0 0 0 0 0 0 0 0 0 0 0 0  0 0 0 -1 -1 -1 -1 0 0 0 0 0 0  4196464 0 0 0 -1 -1 -1 0 0 0 0 0  1 1  0 42  0 2
0 -1 81000 4000 120500 1500 2500 3000 3000 1 0 0 0 0 0 0 0 0 0 0 0 0 0  0 0 0 -1 -1 -1 -1 0 0 0 0 0 0  4196468 0 0 -1 -1 -1 -1 0 0 0 0 0  1 1  0 42  0 6
0 -1 81000 4500 120500 1500 2500 3000 3500 1 0 0 0 0 0 0 0 0 0 0 0 0 0  0 0 0 -1 -1 -1 -1 0 0 0 0 0 0  4196472 0 0 -1 -1 -1 -1 0 0 0 0 0  0 1   0 0
0 -1 81500 4500 120000 1500 2500 3000 3500 1 0 0 0 0 0 0 0 0 0 0 0 0 0  0 0 0 -1 -1 -1 -1 0 0 0 0 0 0  4196476 0 0 -1 -1 -1 -1 0 0 0 0 0  1 1  0 0  0 0
0 -1 154500 4000 47000 1500 2500 3000 3000 1 0 0 0 0 0 0 0 0 0 0 0 0 0  0 0 0 -1 -1 -1 -1 0 0 0 0 0 0  4196480 0 0 2 -1 -1 -1 0 0 0 0 0  0 1   0 3
0 -1 154500 4500 47000 1500 2500 3000 3500 1 0 0 0 0 0 0 0 0 0 0 0 0 0  0 0 0 -1 -1 -1 -1 0 0 0 0 0 0  4196484 0 0 -1 -1 -1 -1 0 0 0 0 0  1 1  0 3  0 3
0 -1 154500 4000 47000 1500 2500 3000 3000 1 0 0 0 0 0 0 0 0 0 0 0 0 0  0 0 0 -1 -1 -1 -1 0 0 0 0 0 0  4196488 0 0 -1 -1 -1 -1 0 0 0 0 0  0 1   0 4
0 -1 155000 4000 47000 1500 2500 3000 3000 1 0 0 0 0 0 0 0 0 0 0 0 0 0  0 0 0 -1 -1 -1 -1 0 0 0 0 0 0  4196492 0 0 -1 -1 -1 -1 0 0 0 0 0  1 1  0 4  0 4
0 -1 155500 4000 46500 1500 2500 3000 3000 1 0 0 1 1 0 0 0 0 0 0 0 0 0  0 0 0 -1 -1 -1 -1 0 0 0 0 0 0  4196496 1 1 0 -1 -1 -1 0 0 0 0 0  0 1   0 30
0 -1 216500 4000 4500 1500 2500 3000 3000 1 1 0 0 0 0 0 0 0 0 0 0 0 0  0 0 0 -1 -1 -1 -1 0 0 0 0 0 0  4196960 0 0 2 -1 -1 -1 0 0 0 0 0  1 1  0 42  0 35
0 1 216500 5000 5500 1500 2500 3000 3500
0 2 216500 5500 6000 1500 2500 3000 4000
0 -1 217000 4000 5500 1500 2500 3000 3000 1 1 0 0 0 0 0 0 0 0 0 0 0 0  0 0 0 -1 -1 -1 -1 0 0 0 0 0 0  4196960 0 0 -1 -1 -1 -1 0 0 0 0 0  1 1  0 35  0 42
0 -1 217000 4000 5500 1500 2500 3000 3000 1 0 0 0 0 0 0 0 0 0 0 0 0 0  0 0 0 -1 -1 -1 -1 0 0 0 0 0 0  4196964 0 0 -1 -1 -1 -1 0 0 0 0 0  0 1   0 7
0 -1 217000 4500 5500 1500 2500 3000 3500 1 0 0 0 0 0 0 0 0 0 0 0 0 0  0 0 0 -1 -1 -1 -1 0 0 0 0 0 0  4196968 0 0 -1 -1 -1 -1 0 0 0 0 0  1 1  0 42  0 29
0 -1 217500 93500 94000 1500 2500 3000 3000 47 0 0 0 0 0 0 0 0 0 0 0 0 0  1 4767392 8 2 -1 -1 -1 0 0 0 0 0 0  4196972 0 0 -1 -1 -1 -1 0 0 0 0 0  1 1  0 7  0 7
0 -1 218000 4000 93500 1500 2500 3000 3000 1 1 0 0 0 0 0 0 0 0 0 0 0 0  0 0 0 -1 -1 -1 -1 0 0 0 0 0 0  4196976 0 0 0 -1 -1 -1 0 0 0 0 0  1 1  0 42  0 35
